Run parameters:					elevator_part_1:
10 1 .1 .1 .1 12 0				8/114	   7.02%
10 10 .01 .1 .1 12 0			93/1143	   8.14%
10 10 .1 .01 .01 12 0			113/114	  99.12%
10 10 .05 .1 .1 12 0			90/228	  39.47%
10 10 .02 .2 .01 12 0			130/595	  21.85%
10 6 .02 .02 .02 12 0			296/596	  49.66%
100 25 .02 .2 .01 12 0			175/586	  29.86%
100 4 .01 .01 .01 12 0			64/1176	   5.36%


Run parameters:					elevator_part_2:
10 1 .1 .1 .1 12 0				83/114	   72.81%
10 10 .01 .1 .1 12 0			893/1124   79.45%
10 10 .1 .01 .01 12 0			108/114	   94.74%
10 10 .05 .1 .1 12 0			202/228	   88.60%
10 10 .02 .2 .01 12 0			452/586	   77.13%
10 6 .02 .02 .02 12 0			569/595	   95.63%
100 25 .02 .2 .01 12 0			351/587	   59.80%
100 4 .01 .01 .01 12 0			902/1198   76.79%